7
8
9
12
23
25
26
27
33
37
39
45
47
51
52
57
58
65
67
68
70
71
73
74
75
78
79
81
87
89
90
91
92
94
95
96
99
104
105
108
110
111
116
117
120
122
124
126
127
129
134
137
142
145
148
149
152
156
157
158
159
162
163
168
169
174
175
177
183
187
188
189
190
194
196
204
206
207
211
213
216
219
222
224
229
232
233
234
236
237
239
240
261
263
268
269
270
271
273
274
275
277
281
282
283
284
285
289
290
291
294
296
297
298
299
302
306
309
312
313
314
323
325
333
335
338
341
343
344
345
350
360
361
366
369
370
371
376
378
381
390
394
398
399
401
404
411
412
413
415
417
421
422
423
425
433
438
447
448
455
461
463
466
471
473
477
478
479
482
485
486
487
491
492
494
501
503
505
507
509
514
515
518
520
523
524
528
531
533
534
536
537
539
547
550
552
553
554
556
557
562
568
571
573
574
575
577
579
580
581
583
589
593
594
595
596
600
601
607
610
611
612
613
614
617
621
622
626
627
629
632
634
638
640
642
643
646
647
650
653
656
658
660
661
663
664
665
666
667
669
670
671
674
675
676
678
679
680
681
682
683
684
687
688
690
691
692
694
696
698
699
700
703
705
706
709
710
711
713
714
720
721
722
727
728
729
730
732
735
736
738
739
745
746
750
751
754
755
757
761
762
763
764
768
770
774
776
781
782
784
789
792
793
795
801
802
804
805
806
810
812
814
818
820
823
824
827
834
836
838
839
841
842
846
847
848
854
857
859
860
862
864
868
870
871
877
880
882
883
887
890
895
897
900
911
912
913
919
933
941
943
945
953
955
956
967
973
977
979
983
987
991
992
996
997
998
1000
1006
1015
1017
1027
1029
1031
1033
1035
1036
1037
